m horizon +0
a contact +0 +86400 1 2 1000000000
a contact +0 +86400 2 1 1000000000
a contact +0 +86400 2 3 1000000000
a contact +0 +86400 3 2 1000000000
a contact +0 +86400 3 4 1000000000
a contact +0 +86400 4 3 1000000000
a contact +0 +86400 4 5 1000000000
a contact +0 +86400 5 4 1000000000

a contact +0 +86400 5 6 1000000000
a contact +0 +86400 6 5 1000000000

a contact +0 +86400 6 7 1000000000
a contact +0 +86400 7 6 1000000000


a range +0 +86400 1 2 0
a range +0 +86400 2 3 0
a range +0 +86400 3 4 0
a range +0 +86400 4 5 0
a range +0 +86400 5 6 0
a range +0 +86400 6 7 0

